0.0429 20
0.042968000000200846 40
0.04296899999962989 20
0.043945000000348955 40
0.04296899999962989 40
0.04321300000037809 40
0.04296899999962989 40
0.043945000000348955 40
0.04296899999962989 40
0.042969000000084634 40
0.042968000000200846 40
0.043945999999777996 40
0.04321299999992334 20
0.042968000000200846 20
0.042969000000084634 20
0.04394499999989421 40
0.042969000000084634 20
0.042969000000084634 40
0.044188999999732914 40
0.042969000000084634 20
0.042969000000084634 20
0.042969000000084634 40
0.0429679999997461 40
0.04394600000023274 40
0.0429679999997461 40
0.04419000000007145 40
0.042969000000084634 20
0.042968000000200846 40
0.04296899999962989 40
0.043945000000348955 40
0.04296899999962989 20
0.04321300000037809 40
0.04296899999962989 40
0.042969000000084634 40
0.04394499999989421 40
0.042969000000084634 40
0.042968000000200846 40
0.042969000000084634 20
0.04296899999962989 40
0.04418900000018766 40
0.042969000000084634 40
0.042969000000084634 40
0.04394499999989421 20
0.042969000000084634 20
0.042969000000084634 40
0.044188999999732914 40
0.04492200000004232 20
0.04003899999997884 20
0.04394499999989421 40
0.04492200000004232 20
0.04321299999992334 40
0.043945000000348955 40
0.043945999999777996 40
0.04394499999989421 40
0.043945000000348955 40
0.0441899999996167 20
0.04589800000030664 40
0.042969000000084634 20
0.04394499999989421 40
0.04419000000007145 20
0.04492200000004232 40
0.04394499999989421 40
0.04394499999989421 40
0.049073000000134925 40
0.04711899999983871 40
0.04394499999989421 20
0.04492200000004232 40
0.042969000000084634 20
0.045165999999881024 20
0.04492200000004232 40
0.04394499999989421 40
0.04492200000004232 20
0.04418900000018766 40
0.04394499999989421 40
0.04394600000023274 40
0.04492200000004232 40
0.044188999999732914 40
0.04492200000004232 20
0.042969000000084634 20
0.0461419999996906 40
0.042969000000084634 40
0.042969000000084634 20
0.04394499999989421 20
0.042969000000084634 40
0.04394499999989421 20
0.04321300000037809 40
0.04492199999958757 40
0.043945000000348955 20
0.04492200000004232 40
0.045165999999881024 40
0.04492200000004232 40
0.04394499999989421 30
0.042969000000084634 40
0.045165999999881024 40
0.04394499999989421 40
0.04492200000004232 20
0.042969000000084634 40
0.04419000000007145 40
0.04492100000015853 40
0.04492199999958757 40
0.04614300000002913 40
0.04492200000004232 40
0.08886699999993652 40
0.04418900000018766 40
0.045899000000190426 40
0.04296899999962989 40
0.043945000000348955 40
0.045165999999881024 20
0.042969000000084634 40
0.04492200000004232 40
0.045165999999881024 40
0.04589799999985189 40
0.04394499999989421 20
0.04516600000033577 40
0.04492200000004232 40
0.04492200000004232 40
0.04394499999989421 40
0.04419000000007145 40
0.04492200000004232 40
0.0429679999997461 40
0.04492200000004232 40
0.04321299999992334 40
0.042969000000084634 40
0.04394499999989421 40
0.04394600000023274 40
0.04492099999970378 40
0.04419000000007145 40
0.042969000000084634 40
0.04492200000004232 40
0.046142000000145345 40
0.04589899999973568 40
0.042968000000200846 20
0.04492200000004232 40
0.0441899999996167 40
0.042968000000200846 40
0.045899000000190426 40
0.04492200000004232 40
0.045165999999881024 20
0.046875 40
0.044188999999732914 40
0.04492200000004232 40
0.042969000000084634 40
0.04394499999989421 40
0.042969000000084634 40
0.042969000000084634 40
0.04418900000018766 40
0.04296899999962989 40
0.043945000000348955 40
0.04296899999962989 30
0.042969000000084634 40
0.04394499999989421 40
0.04516600000033577 40
0.042969000000084634 40
0.041991999999936525 40
0.04394499999989421 40
0.042969000000084634 40
0.042969000000084634 40
0.044188999999732914 40
0.042969000000084634 40
0.042969000000084634 40
0.04394499999989421 40
0.042969000000084634 40
0.0429679999997461 40
0.04419000000007145 40
0.042969000000084634 40
0.042968000000200846 40
0.043945999999777996 40
0.04394499999989421 40
0.04516600000033577 40
0.04394499999989421 40
0.042969000000084634 40
0.04296899999962989 40
0.043945000000348955 40
0.04296899999962989 40
0.04418900000018766 40
0.042969000000084634 40
0.04394499999989421 40
0.04394600000023274 40
0.0429679999997461 40
0.04419000000007145 40
0.042969000000084634 40
0.0429679999997461 40
0.042969000000084634 40
0.04394600000023274 40
0.0429679999997461 40
0.04419000000007145 40
0.042968000000200846 40
0.04296899999962989 40
0.042969000000084634 40
0.042969000000084634 40
0.04394499999989421 40
0.042969000000084634 40
0.04321299999992334 40
0.042968000000200846 40
0.043945999999777996 40
0.043945000000348955 40
0.04296899999962989 40
0.042969000000084634 40
0.04321200000003955 40
0.04394600000023274 40
0.0429679999997461 40
0.042969000000084634 40
0.042969000000084634 40
0.04394499999989421 40
0.04321299999992334 40
0.042969000000084634 40
0.042969000000084634 40
0.04394499999989421 40
0.042969000000084634 40
0.042969000000084634 40
0.04394499999989421 40
0.04321299999992334 40
0.042968000000200846 40
0.04296899999962989 40
0.04394600000023274 40
0.0429679999997461 40
0.042969000000084634 40
0.042969000000084634 40
0.04321299999992334 40
0.04394499999989421 40
0.042969000000084634 40
0.042968000000200846 40
0.043945999999777996 40
0.042969000000084634 40
0.04321200000003955 40
0.04394600000023274 40
0.04492199999958757 40
0.043945000000348955 40
0.042969000000084634 40
0.04321299999992334 40
0.04394499999989421 40
0.042969000000084634 40
0.0429679999997461 40
0.04394600000023274 40
